1000
(#(struct:automaton 4 0.7 0.8 0.6 0.4 0.7) . 2)
(#(struct:automaton 4 0.2 0.6 0.4 0.7 0.5) . 2)
(#(struct:automaton 4 0.30000000000000004 0.5 0.8 0.8 0.5) . 2)
(#(struct:automaton 1 0.6 0.6 0.0 0.8 1.0) . 1)
900
(#(struct:automaton 3 1.0999999999999999 2.800000000000001 2.2000000000000006 2.800000000000001 2.700000000000001) . 2)
(#(struct:automaton 3 2.500000000000001 3.0000000000000018 2.2000000000000006 2.700000000000001 2.3000000000000007) . 2)
(#(struct:automaton 3 3.1000000000000014 2.600000000000001 1.9000000000000006 2.400000000000001 2.9000000000000017) . 2)
(#(struct:automaton 3 2.1000000000000005 2.500000000000001 2.0000000000000004 3.0000000000000013 2.1000000000000005) . 2)
800
(#(struct:automaton 3 3.2000000000000015 4.6 4.200000000000001 4.5 5.099999999999998) . 2)
(#(struct:automaton 3 3.0000000000000013 4.4 4.799999999999999 4.699999999999999 4.699999999999999) . 2)
(#(struct:automaton 3 3.900000000000002 4.200000000000001 4.8999999999999995 4.8 5.099999999999998) . 2)
(#(struct:automaton 3 4.100000000000001 4.999999999999998 3.700000000000002 4.5 4.300000000000001) . 2)
700
(#(struct:automaton 3 6.299999999999994 6.999999999999992 6.899999999999992 6.099999999999994 6.999999999999991) . 2)
(#(struct:automaton 3 5.1999999999999975 6.199999999999994 7.099999999999991 6.8999999999999915 6.199999999999994) . 2)
(#(struct:automaton 3 6.499999999999993 7.099999999999991 4.899999999999999 7.099999999999991 5.999999999999995) . 2)
(#(struct:automaton 3 5.699999999999996 7.29999999999999 5.599999999999996 6.499999999999993 6.499999999999993) . 1)
600
(#(struct:automaton 3 8.199999999999987 7.999999999999988 8.799999999999986 8.799999999999986 9.099999999999984) . 2)
(#(struct:automaton 3 8.099999999999987 8.099999999999987 9.499999999999984 8.399999999999988 8.799999999999985) . 2)
(#(struct:automaton 3 8.899999999999984 8.399999999999986 9.599999999999984 7.49999999999999 8.499999999999986) . 2)
(#(struct:automaton 3 8.299999999999986 8.899999999999984 8.299999999999986 8.499999999999986 7.599999999999989) . 2)
500
(#(struct:automaton 3 12.199999999999973 11.999999999999975 9.299999999999985 8.999999999999984 10.799999999999978) . 2)
(#(struct:automaton 3 11.899999999999974 11.699999999999976 10.39999999999998 8.399999999999986 10.899999999999977) . 2)
(#(struct:automaton 3 12.299999999999972 10.999999999999979 9.699999999999983 9.199999999999983 11.099999999999977) . 2)
(#(struct:automaton 3 9.599999999999982 10.599999999999978 10.39999999999998 10.59999999999998 11.699999999999974) . 2)
400
(#(struct:automaton 3 11.899999999999974 13.899999999999967 11.699999999999976 12.599999999999973 12.79999999999997) . 2)
(#(struct:automaton 3 14.099999999999966 13.29999999999997 11.599999999999977 11.099999999999977 13.199999999999969) . 2)
(#(struct:automaton 3 15.199999999999962 12.799999999999972 11.599999999999977 11.099999999999977 12.599999999999971) . 2)
(#(struct:automaton 3 14.699999999999964 13.29999999999997 12.299999999999974 10.699999999999978 12.299999999999972) . 1)
300
(#(struct:automaton 3 16.499999999999964 16.69999999999997 12.899999999999972 13.09999999999997 14.099999999999966) . 2)
(#(struct:automaton 3 16.599999999999966 16.399999999999967 12.899999999999972 13.199999999999969 14.199999999999966) . 2)
(#(struct:automaton 3 16.699999999999967 15.999999999999961 12.899999999999972 12.79999999999997 14.899999999999963) . 1)
(#(struct:automaton 3 16.99999999999997 15.999999999999961 13.29999999999997 12.599999999999971 14.399999999999965) . 1)
200
(#(struct:automaton 3 19.200000000000003 18.599999999999998 14.699999999999966 14.599999999999964 16.19999999999996) . 2)
(#(struct:automaton 3 17.69999999999998 19.100000000000005 14.899999999999965 15.099999999999962 16.499999999999964) . 2)
(#(struct:automaton 3 18.499999999999993 17.199999999999978 16.499999999999968 14.799999999999963 16.29999999999996) . 1)
(#(struct:automaton 3 18.39999999999999 17.799999999999986 14.799999999999965 15.59999999999996 16.699999999999967) . 1)
100
(#(struct:automaton 3 20.900000000000027 19.100000000000005 17.499999999999982 16.79999999999997 19.0) . 2)
(#(struct:automaton 3 20.600000000000023 19.900000000000016 16.199999999999964 17.69999999999998 18.9) . 2)
(#(struct:automaton 3 20.900000000000027 18.599999999999998 17.39999999999998 16.79999999999997 19.60000000000001) . 2)
(#(struct:automaton 3 20.30000000000002 20.500000000000025 16.999999999999975 16.79999999999997 18.699999999999996) . 2)
